139

288 288 149
277 277 1
260 260 35
192 192 119
180 180 181
177 177 48
136 136 68
113 113 130
108 108 18
98 98 123
96 96 47
75 75 239
73 73 6
66 66 12
62 62 145
52 52 104
45 45 132
34 34 48
23 23 124
5 5 258
62 240 27
46 71 12
277 240 1
180 116 64 8
52 27 222 14
90 169 95 12
9 225 43
52 89 27
46 93 30
66 173 93 10
52 244 173 93 5
52 244 17 155 34
36 144 162 16
1 54 58 39
277 224 64 30
108 76 89 11
23 254 63 133 24
9 225 133 4
9 241 1
256 252 191 56 17
264 244 17 155 2
23 84 155 5
79 197 91 16
96 13 117 293 1
192 243 198 39 12
36 144 107 104 220 3
264 58 7
264 92 4
81 281 112 95 10
79 91 23
260 198 39 14
36 33 143 1
277 6 88 56 34
52 278 93 3
9 80 120 1
288 44 140 8 24
264 146 140 8 4
45 44 140 8 2
46 227 61 16
66 236 227 61 27
73 53 116 64 17
260 160 54 58 6
136 156 169 95 6
52 27 128 65 15
79 25 196 55 258 1
175 176 122 273 4 3
9 80 268 151 65 4
113 61 42
81 95 23
98 218 11 16
5 166 4 7
288 94 273 4 6
46 124 56 38
45 294 56 11
36 33 143 61 20
277 240 138 3
82 85 138 10
175 41 68 138 6
75 215 265 138 14
177 188 20 298 92 5
0 94 273 4 9
90 216 72 89 24
9 80 120 61 1
177 189 267 129 222 7
136 266 19 68 138 22
177 189 267 214 151 65 20
260 121 20
177 77 275 89 24
36 39 13
34 92 7
82 204 11 35
113 69 11 5
52 33 143 61 9
5 166 15 61 10
277 240 15 61 6
136 7 65 21
192 243 187 118 6
113 257 71 15
98 242 120 61 4
81 95 112 281 61 10
79 91 72 89 11
177 188 20 238 65 4
46 31 128 65 9
62 153 243 187 118 10
177 131 208 289 58 10
0 94 273 122 289 58 3
277 58 9
192 37 65 8
66 236 227 71 2
0 74 71 4
277 6 203 8 3
180 285 251 11 13
175 41 24 118 17
79 91 72 89 71 4
62 153 243 187 120 61 14
177 189 267 129 120 61 1
23 254 86 80 120 61 3
62 210 57 88 6 203 8 1
36 111 125 176 122 289 58 5
36 111 125 267 129 120 61 3
5 255 58 29
79 167 61 29
45 168 118 25
5 282 203 8 2
79 25 196 271 118 4
96 13 227 71 13
34 105 102 118 4
62 210 57 88 6 279 11 4
23 11 18
277 103 58 13
260 160 58 7
177 189 103 58 1
52 207 118 8
256 252 203 8 5
79 91 72 89 275 77 246 8 9
256 252 271 118 19
96 275 77 246 8 7
192 55 196 271 118 1
46 124 8 6
