492

798 214 64
797 66 88
793 76 63
790 194 151
788 222 64
786 112 80
779 81 78
778 344 27
774 217 132
770 109 41
761 246 38
760 269 82
755 351 18
751 91 92
750 227 119
747 88 49
746 22 54
739 253 37
737 184 16
736 92 149
735 41 88
734 182 69
730 195 143
727 340 60
723 49 54
714 132 90
712 310 110
710 177 101
706 355 10
705 34 47
698 324 71
695 226 43
694 218 44
692 213 91
689 243 54
687 95 94
684 300 105
681 133 63
680 266 44
679 225 65
678 242 51
676 284 42
672 200 47
669 178 145
668 228 98
659 334 43
655 332 137
651 74 66
649 311 125
646 48 46
644 268 52
639 323 48
637 241 129
634 336 45
633 265 98
631 75 62
630 245 114
628 312 81
626 294 124
625 124 30
624 258 134
623 77 22
622 327 76
615 140 49
612 331 78
610 205 115
607 100 69
606 103 40
605 255 29
604 164 24
600 106 86
599 252 67
592 271 18
591 46 63
589 319 78
585 298 46
584 262 34
578 153 48
576 275 77
574 238 31
571 326 34
570 260 66
567 187 29
566 9 126
565 274 32
564 356 64
562 347 61
561 136 99
560 239 116
558 259 8
557 288 60
555 107 34
538 357 127
536 281 51
528 270 25
527 301 25
525 13 48
524 250 124
523 203 101
520 210 102
519 358 42
517 59 43
513 108 65
512 292 143
510 278 94
509 264 134
506 196 140
501 254 76
494 146 49
493 159 16
490 89 33
489 215 13
485 240 50
484 277 130
481 35 54
477 1 62
470 142 152
468 162 71
467 80 98
466 31 31
465 79 37
464 62 143
449 24 120
448 166 81
447 64 63
446 267 19
444 32 66
443 307 108
442 14 51
440 5 124
434 29 53
433 248 75
426 165 57
423 337 64
421 151 103
420 333 96
419 128 102
417 51 113
413 83 136
412 295 44
411 71 112
407 345 94
404 105 83
403 339 63
399 161 51
398 70 45
391 206 123
381 231 31
380 283 69
376 296 153
375 127 59
374 56 20
372 58 79
369 143 70
366 232 67
363 175 39
362 201 31
361 130 32
360 21 9
347 152 64
344 50 120
342 211 30
340 20 181
334 113 55
333 163 34
331 40 18
328 42 50
327 350 25
325 44 118
324 52 82
323 28 119
318 37 46
317 115 37
316 43 95
314 325 45
313 2 76
312 6 96
311 189 124
308 234 68
307 230 78
302 343 70
301 313 104
289 45 75
287 247 48
284 180 128
283 352 58
281 69 94
279 10 5
271 173 160
267 348 75
266 158 66
265 135 35
263 359 95
262 167 134
260 53 73
259 302 125
257 148 34
253 309 200
252 145 12
251 141 98
250 160 35
249 118 101
248 54 53
247 139 62
245 297 77
240 322 19
239 125 107
229 276 159
228 257 62
225 338 53
224 25 86
223 318 50
222 197 56
221 224 99
217 179 24
216 308 65
212 237 30
210 349 120
209 317 15
206 169 75
203 98 52
201 181 38
198 191 15
197 129 85
194 12 42
192 208 60
190 149 107
188 67 47
187 202 65
185 150 65
182 209 30
176 104 29
174 220 60
173 36 18
172 235 74
171 299 28
170 190 83
169 39 66
167 144 66
166 47 113
165 280 109
164 94 65
161 119 92
160 261 9
157 193 36
156 96 23
154 23 23
153 68 44
150 120 36
147 186 100
146 304 128
141 251 66
129 17 26
128 192 155
126 33 151
124 122 142
122 78 19
121 18 47
114 63 42
111 102 59
110 174 83
109 316 21
105 30 29
103 117 136
101 183 26
99 138 17
94 249 94
92 7 37
90 341 72
89 216 44
88 320 99
86 346 31
85 273 78
83 157 129
81 272 156
80 354 45
79 116 93
75 287 71
73 84 37
71 207 23
70 199 58
58 60 159
57 123 62
56 329 139
55 172 48
54 353 63
52 290 17
51 65 68
45 121 46
44 188 81
42 114 139
41 26 131
40 97 89
38 291 162
37 134 123
36 170 58
35 111 108
34 229 28
30 73 42
29 147 85
28 110 27
27 289 26
25 335 46
21 82 43
19 330 92
18 314 166
16 303 114
14 285 120
11 87 26
7 38 53
6 321 30
631 491 16 32
567 568 90 24
347 554 57 32
16 487 198 12
440 473 168 32
90 754 263 29
391 387 99 37
313 77 204 27
251 272 256 45
263 387 99 45
192 191 236 21
786 787 11 34
519 518 131 21
289 288 286 29
284 288 286 25
714 382 783 156 9
124 707 86 39
566 135 298 19 31
490 491 16 32
56 491 16 32
485 487 198 38
311 310 487 198 3
706 707 86 2
639 635 315 23
633 635 315 39
153 135 298 19 1
413 613 85 5
121 787 11 47
494 495 244 7
381 487 198 11
750 740 754 263 12
705 243 241 61 32
680 662 473 168 1
637 638 635 315 34
6 64 390 27 11
126 230 787 11 16
705 335 230 787 11 13
369 233 230 787 11 3
312 310 487 198 39
284 286 288 286 12
622 453 665 707 86 17
477 478 306 13
27 707 86 34
774 773 597 72 42
260 787 11 4
509 497 0 25
449 143 293 47
470 388 389 55 28
372 370 185 39
249 242 241 61 35
225 226 305 35
217 395 328 9
160 159 223 8
574 581 582 4 6
380 664 514 219 21
649 455 514 219 1
639 640 163 282 10
637 636 635 315 2
639 640 636 635 315 3
520 661 387 99 8
557 64 390 27 26
99 64 390 27 8
240 230 787 11 1
443 439 772 171 20
440 2 5 754 263 9
128 742 462 451 487 198 5
774 773 772 171 3
517 518 131 31
105 518 131 4
723 213 221 38
712 783 156 32
680 195 155 20
372 548 613 85 23
589 390 27 29
555 554 57 13
493 497 0 2
489 491 16 1
484 487 198 21
7 580 15 31
413 754 263 23
194 196 195 155 3
250 389 55 21
561 663 272 256 11
245 246 93 1
57 246 93 31
210 213 221 3
217 211 213 221 4
517 516 518 131 19
426 428 427 176 32
470 388 386 390 27 10
615 15 3 195 155 22
750 427 176 25
739 518 131 20
644 645 154 26
607 613 85 14
599 597 72 7
419 580 15 8
391 390 27 6
404 195 155 14
576 3 195 155 21
375 377 8 26
201 131 213 221 12
14 180 159 223 29
75 474 342 11
58 782 137 38
38 546 518 131 13
42 143 293 13
14 454 554 57 30
19 4 478 306 6
79 62 77 204 3
369 233 657 77 204 1
692 234 642 645 154 3
25 24 386 390 27 2
797 274 3 31
150 478 306 9
520 787 11 1
419 390 27 20
649 455 754 263 15
54 518 131 25
333 294 787 11 32
156 132 390 27 8
58 59 143 293 1
528 529 478 306 45
561 232 597 72 23
376 351 294 787 11 1
128 742 462 451 474 342 8
612 298 19 26
494 497 0 10
493 495 244 20
194 195 155 12
376 377 8 14
372 371 370 185 5
366 754 263 22
249 246 93 50
247 246 93 14
239 237 212 12
212 213 221 25
481 771 772 171 34
449 675 213 221 14
692 234 275 237 212 5
520 661 667 425 427 176 12
391 389 55 26
369 370 185 15
182 183 101 14
734 130 143 293 4
470 469 162 233 16
755 757 50 49 126 34
599 598 597 72 2
257 583 582 4 14
651 784 782 137 2
88 768 554 57 13
169 133 162 233 5
153 135 143 293 2
651 784 783 156 12
229 549 616 279 23
442 118 61 50 49 126 2
347 238 237 212 7
494 497 495 244 24
730 726 392 782 137 16
229 549 135 143 293 12
774 392 782 137 6
734 130 135 143 293 10
679 76 77 204 11
681 60 61 50 49 126 10
443 441 783 156 9
710 368 142 143 293 3
793 717 582 4 4
257 583 162 233 23
555 556 554 57 9
253 117 49 126 25
225 227 226 305 7
423 355 583 162 233 2
423 355 583 49 126 19
494 496 495 244 4
420 422 617 616 279 10
574 573 237 212 6
239 236 237 212 4
669 541 543 575 573 237 212 3
423 355 583 162 163 282 1
426 424 355 583 162 163 282 1
203 204 690 162 163 282 1
