650

788 222 64
779 81 78
779 203 98 10
779 56 329 31
778 344 27
778 281 69 7
778 776 333 163 4
760 269 82
760 82 80 354 9
760 433 248 17
760 761 246 38
755 351 18
755 757 50 48 195 155 10
750 227 119
750 65 66 199 198 191 2
750 65 111 102 7
750 65 114 63 5
750 740 745 88 320 20
747 88 49
747 132 736 92 15
694 218 44
694 692 213 45
681 133 63
681 60 18 314 31
681 684 300 3
681 683 684 300 9
681 682 684 300 23
669 178 145
669 541 412 295 5
669 541 543 542 572 571 326 9
668 228 98
626 294 124
626 589 319 5
626 326 327 350 24
626 629 66 199 198 191 13
626 549 550 649 311 2
623 77 22
585 298 46
585 586 59 689 243 12
585 586 59 58 60 15
585 586 593 591 46 2
578 153 48
578 328 42 3
570 260 66
566 9 126
566 349 600 106 23
566 556 555 107 18
566 556 552 555 107 3
566 135 56 329 21
566 135 680 266 3
566 135 549 550 649 311 7
565 274 32
565 659 334 6
564 356 64
561 136 99
561 17 18 314 34
561 232 230 787 11 5
561 663 466 31 21
561 663 203 98 8
558 259 8
485 240 50
485 716 717 793 76 9
485 233 602 600 106 3
485 484 277 41
468 162 71
468 201 181 3
468 466 31 4
448 166 81
448 447 64 34
427 176 69
419 128 102
419 580 15 8
411 71 112
411 173 36 18
411 412 295 39
403 339 63
403 744 680 266 21
403 744 56 329 23
370 185 59
370 372 58 39
347 152 64
347 314 325 23
318 37 46
302 343 70
301 313 104
301 231 687 95 1
283 352 58
283 281 69 46
271 173 160
260 53 73
260 22 429 433 248 10
260 22 21 82 12
260 787 11 4
260 261 15 3 195 155 22
260 261 15 18 314 13
250 160 35
246 93 96
246 245 297 1
225 338 53
225 380 283 32
190 149 107
190 603 601 600 106 3
188 67 47
188 300 708 706 355 10
188 300 542 572 571 326 8
183 101 14
159 223 37
159 161 119 27
143 293 92
126 33 151
126 230 787 11 16
94 249 94
94 687 95 26
94 168 167 144 4
94 168 164 94 2
94 231 687 95 1
94 231 710 177 15
94 98 595 698 324 13
81 272 156
81 84 80 354 6
81 80 354 19
75 287 71
51 65 68
51 294 787 11 24
51 53 52 290 5
51 52 290 4
49 126 90
41 26 131
35 111 108
35 484 277 31
35 733 591 46 20
35 733 736 92 23
29 147 85
7 38 53
7 580 15 31
7 0 16 303 11
798 214 64
798 337 697 698 324 15
790 194 151
790 164 94 29
772 171 57
772 439 442 14 4
772 48 195 155 10
746 22 54
737 184 16
727 340 60
646 48 46
625 124 30
625 356 372 58 12
622 327 76
622 453 494 146 17
612 331 78
607 100 69
607 606 103 26
599 252 67
567 187 29
567 568 90 24
538 357 127
538 710 177 31
538 539 536 281 23
538 537 536 281 3
538 536 281 25
512 292 143
512 281 69 2
512 634 336 15
510 278 94
510 649 311 34
491 16 97
491 56 329 32
491 489 215 13
481 35 54
477 1 62
477 684 300 35
477 478 306 13
434 29 53
434 435 433 248 2
434 433 248 23
434 432 435 433 248 7
434 357 92 7 23
426 165 57
426 424 602 600 106 20
423 337 64
423 736 92 32
423 60 18 314 16
423 355 583 582 4 14
407 345 94
407 391 206 46
398 70 45
398 219 221 224 20
398 219 139 132 736 92 1
398 292 293 328 42 18
381 231 31
369 143 70
369 233 602 600 106 13
369 372 58 8
361 130 32
361 698 324 39
361 362 201 8
340 20 181
340 356 372 58 2
340 342 211 19
340 338 342 211 11
298 19 58
298 26 25 335 1
298 135 549 550 649 311 5
284 180 128
284 289 45 36
267 348 75
267 484 277 8
267 265 135 9
262 167 134
262 544 550 649 311 1
259 302 125
253 309 200
253 117 344 50 23
253 254 161 119 31
249 118 101
249 242 281 69 5
249 242 257 148 30
249 242 26 25 335 2
249 245 297 50
239 125 107
237 212 37
224 25 86
224 547 649 311 19
224 222 197 12
224 221 224 21
224 220 221 224 3
209 317 15
209 137 201 181 18
209 137 132 736 92 6
206 169 75
206 203 98 8
172 235 74
172 295 344 50 21
172 293 328 42 11
171 299 28
169 39 66
169 591 46 35
169 404 105 13
163 282 13
157 193 36
157 156 96 2
157 155 156 96 3
110 174 83
110 113 111 102 12
110 111 102 6
105 30 29
99 138 17
28 110 27
28 27 289 26
28 27 707 86 3
714 132 90
714 687 95 38
557 288 60
557 540 547 649 311 1
557 540 547 600 106 17
557 540 547 606 103 5
525 13 48
525 54 353 34
525 523 203 44
524 250 124
524 16 303 37
524 138 132 736 92 11
524 138 132 156 96 3
524 666 432 435 433 248 6
524 666 432 433 248 4
524 523 203 31
524 522 523 203 8
487 198 129
487 16 303 12
487 310 92 7 14
487 451 281 69 5
487 486 484 277 11
487 484 277 39
308 234 68
103 117 136
55 172 48
55 56 329 7
55 54 353 6
774 217 132
774 114 63 37
734 182 69
734 316 43 40
734 736 92 43
712 310 110
712 710 177 32
712 665 707 86 43
695 226 43
679 225 65
679 356 372 58 1
672 200 47
672 674 723 49 8
637 241 129
628 312 81
576 275 77
576 458 316 43 17
576 458 450 404 105 7
576 3 195 155 21
554 57 97
554 555 107 13
514 219 22
514 664 380 283 8
514 664 689 243 13
514 455 649 311 10
513 108 65
449 24 120
449 675 745 88 320 14
449 280 281 69 29
417 51 113
417 25 335 31
417 715 717 793 76 13
417 715 717 582 4 4
399 161 51
389 55 75
389 388 391 206 28
323 28 119
323 320 16 303 32
317 115 37
288 286 66
288 589 319 48
288 2 45 121 1
288 289 45 29
288 285 433 248 6
288 285 289 45 10
266 158 66
266 608 606 103 3
266 608 605 255 29
266 608 605 606 103 5
266 265 135 26
263 359 95
263 721 723 49 8
263 387 99 45
263 736 92 6
263 353 447 64 20
263 353 406 404 105 19
248 54 53
248 245 297 25
223 318 50
223 222 197 44
223 222 221 224 6
223 221 224 15
210 349 120
210 212 237 30
192 208 60
192 453 494 146 8
192 191 236 21
187 202 65
185 150 65
165 280 109
165 167 144 12
153 68 44
153 154 23 10
153 152 154 23 13
146 304 128
146 326 327 350 1
146 551 652 655 332 3
85 273 78
79 116 93
79 207 203 98 9
79 663 203 98 7
79 663 272 256 11
79 663 687 95 18
79 663 234 642 649 311 2
79 62 221 224 34
57 123 62
57 174 220 1
57 231 710 177 23
57 58 60 37
37 134 123
797 66 88
797 235 234 642 649 311 1
797 235 234 692 213 39
783 156 62
782 137 62
782 58 60 38
770 109 41
770 204 690 691 689 243 7
770 204 203 98 10
770 768 88 320 25
770 767 769 201 181 5
754 263 110
754 88 320 3
754 90 341 29
754 5 442 14 2
754 5 531 257 148 4
754 5 2 45 121 3
754 740 745 88 320 8
754 740 745 131 201 181 4
751 91 92
751 174 220 14
739 253 37
739 316 43 38
735 41 88
735 692 213 3
735 736 92 12
730 195 143
705 34 47
705 335 230 787 11 12
705 335 230 240 322 1
678 242 51
676 284 42
651 74 66
651 784 23 21 82 31
651 656 18 314 7
651 655 332 11
651 653 656 18 314 18
651 653 656 655 332 7
651 653 656 652 655 332 15
651 652 655 332 19
644 268 52
644 293 328 42 4
644 645 154 26
644 642 649 311 5
644 642 645 154 3
639 323 48
639 786 112 46
639 112 113 111 102 7
639 112 111 102 1
635 315 101
635 691 689 243 22
635 655 332 50
635 294 787 11 5
633 265 98
633 595 698 324 4
633 139 132 156 96 3
633 634 336 15
631 75 62
631 328 42 13
631 336 456 450 404 105 6
631 336 294 787 11 4
631 336 294 333 163 6
630 245 114
624 258 134
624 216 308 28
615 140 49
615 109 316 21
615 15 18 314 17
615 15 16 303 5
615 549 550 649 311 1
615 549 616 279 5
613 85 42
613 548 372 58 2
613 548 58 60 21
610 205 115
610 649 311 1
604 164 24
604 655 332 24
604 547 606 103 1
597 72 74
597 773 111 102 8
592 271 18
592 591 46 6
584 262 34
584 791 793 76 32
574 238 31
574 581 582 4 6
562 347 61
562 670 483 45 121 9
560 239 116
560 559 63 90 341 18
528 270 25
528 529 478 306 47
527 301 25
527 523 203 18
527 523 344 50 23
520 210 102
520 787 11 1
520 661 216 308 24
519 358 42
519 517 59 43
518 131 133
518 54 353 23
518 54 56 329 4
509 264 134
509 792 793 76 9
509 320 16 303 12
506 196 140
501 254 76
495 244 55
495 497 0 37
495 497 494 146 3
495 494 146 7
493 159 16
493 494 146 14
490 89 33
474 342 19
473 168 33
473 662 680 266 20
470 142 152
470 388 391 206 1
470 388 387 99 21
467 80 98
467 466 31 6
465 79 37
464 62 143
464 15 16 303 4
446 267 19
446 445 444 32 12
446 444 32 31
443 307 108
443 101 183 26
443 442 14 21
440 5 124
440 2 45 121 30
440 442 14 22
421 151 103
420 333 96
420 422 617 616 279 10
413 83 136
413 384 534 328 42 1
413 786 112 20
413 132 156 96 11
395 328 9
390 27 120
390 589 319 25
390 64 611 111 102 18
390 64 665 707 86 7
390 64 61 634 336 15
390 64 61 118 442 14 2
390 391 206 6
390 386 24 25 335 12
390 385 391 206 12
390 385 387 99 24
390 385 387 391 206 5
376 296 153
376 377 8 40
376 375 127 42
376 351 123 122 78 1
376 351 371 372 58 15
376 351 294 333 163 23
374 56 20
374 375 127 17
366 232 67
363 175 39
363 364 123 122 78 18
360 21 9
360 362 201 23
334 113 55
331 40 18
325 44 118
325 756 333 163 1
325 744 56 329 21
325 744 120 344 50 4
325 744 786 112 6
325 744 743 52 290 8
325 321 320 16 303 1
324 52 82
312 6 96
312 650 649 311 11
312 314 325 22
312 313 2 25
311 189 124
311 313 2 24
307 230 78
287 247 48
287 457 63 90 341 4
279 10 5
274 3 31
251 141 98
251 272 256 45
251 252 145 12
247 139 62
247 245 297 1
241 61 67
241 230 240 322 18
229 276 159
229 18 314 30
229 659 334 37
229 549 616 279 18
229 549 542 572 571 326 17
228 257 62
228 444 32 23
226 305 42
217 179 24
213 221 96
213 723 49 38
213 131 201 181 8
197 129 85
197 343 344 50 25
194 12 42
194 196 195 155 3
194 195 155 26
194 136 161 119 30
182 209 30
176 104 29
176 136 161 119 3
170 190 83
170 686 687 95 10
170 134 137 132 156 96 1
166 47 113
166 167 144 47
166 164 94 34
166 164 167 144 3
162 233 46
160 261 9
160 161 119 1
150 120 36
150 478 306 9
147 186 100
147 174 220 45
141 251 66
141 692 213 4
141 551 652 655 332 8
129 17 26
128 192 155
128 661 216 308 13
128 661 387 391 206 6
124 122 142
124 707 86 39
121 18 47
121 787 11 47
121 119 120 344 50 24
89 216 44
89 90 341 21
89 88 320 28
89 87 88 320 1
86 346 31
83 157 129
83 58 60 48
83 82 80 354 10
83 80 354 1
77 204 42
77 313 2 27
73 84 37
71 207 23
70 199 58
44 188 81
42 114 139
40 97 89
40 677 661 387 391 206 19
38 291 162
38 786 112 8
38 786 787 11 34
38 546 684 300 4
38 546 447 64 9
36 170 58
34 229 28
30 73 42
30 349 600 106 7
30 684 300 31
19 330 92
19 4 404 105 38
19 4 478 306 4
14 285 120
14 586 2 45 121 3
14 454 455 649 311 25
11 87 26
6 321 30
6 380 283 29
