574

797 66 88
793 76 63
790 194 151
788 222 64
787 11 152
786 112 80
782 137 62
779 81 78
778 344 27
772 171 57
770 109 41
761 246 38
755 351 18
751 91 92
750 227 119
747 88 49
746 22 54
739 253 37
737 184 16
735 41 88
734 182 69
730 195 143
723 49 54
714 132 90
712 310 110
707 86 92
706 355 10
705 34 47
695 226 43
694 218 44
692 213 91
687 95 94
684 300 105
681 133 63
679 225 65
678 242 51
672 200 47
668 228 98
659 334 43
655 332 137
651 74 66
649 311 125
646 48 46
645 154 29
644 268 52
637 241 129
634 336 45
633 265 98
631 75 62
630 245 114
628 312 81
626 294 124
625 124 30
624 258 134
623 77 22
622 327 76
616 279 33
613 85 42
612 331 78
607 100 69
606 103 40
605 255 29
600 106 86
599 252 67
597 72 74
591 46 63
589 319 78
585 298 46
584 262 34
582 4 24
580 15 39
578 153 48
576 275 77
574 238 31
571 326 34
570 260 66
568 90 24
567 187 29
566 9 126
562 347 61
561 136 99
560 239 116
558 259 8
555 107 34
554 57 97
538 357 127
528 270 25
527 301 25
525 13 48
524 250 124
523 203 101
520 210 102
519 358 42
518 131 133
517 59 43
514 219 22
506 196 140
501 254 76
497 0 37
495 244 55
494 146 49
493 159 16
490 89 33
489 215 13
487 198 129
484 277 130
481 35 54
478 306 73
473 168 33
470 142 152
468 162 71
467 80 98
466 31 31
465 79 37
464 62 143
449 24 120
448 166 81
447 64 63
446 267 19
444 32 66
443 307 108
442 14 51
440 5 124
433 248 75
427 176 69
426 165 57
423 337 64
421 151 103
420 333 96
419 128 102
417 51 113
413 83 136
412 295 44
411 71 112
407 345 94
404 105 83
403 339 63
399 161 51
391 206 123
390 27 120
389 55 75
381 231 31
380 283 69
377 8 40
376 296 153
375 127 59
374 56 20
372 58 79
370 185 59
369 143 70
363 175 39
362 201 31
361 130 32
347 152 64
344 50 120
342 211 30
340 20 181
334 113 55
333 163 34
331 40 18
328 42 50
327 350 25
325 44 118
324 52 82
323 28 119
317 115 37
316 43 95
313 2 76
312 6 96
311 189 124
308 234 68
307 230 78
302 343 70
301 313 104
298 19 58
289 45 75
288 286 66
287 247 48
279 10 5
272 256 56
271 173 160
266 158 66
265 135 35
263 359 95
262 167 134
260 53 73
259 302 125
257 148 34
253 309 200
252 145 12
251 141 98
250 160 35
249 118 101
248 54 53
247 139 62
246 93 96
245 297 77
241 61 67
240 322 19
239 125 107
228 257 62
226 305 42
224 25 86
221 224 99
217 179 24
216 308 65
213 221 96
212 237 30
210 349 120
209 317 15
203 98 52
201 181 38
198 191 15
197 129 85
195 155 92
192 208 60
190 149 107
188 67 47
187 202 65
185 150 65
183 101 14
182 209 30
174 220 60
172 235 74
170 190 83
169 39 66
166 47 113
165 280 109
164 94 65
163 282 13
162 233 46
161 119 92
160 261 9
157 193 36
156 96 23
154 23 23
153 68 44
147 186 100
146 304 128
143 293 92
141 251 66
129 17 26
128 192 155
126 33 151
124 122 142
121 18 47
114 63 42
111 102 59
103 117 136
101 183 26
99 138 17
90 341 72
89 216 44
86 346 31
83 157 129
81 272 156
80 354 45
79 116 93
77 204 42
75 287 71
71 207 23
70 199 58
58 60 159
57 123 62
56 329 139
55 172 48
54 353 63
52 290 17
51 65 68
49 126 90
45 121 46
44 188 81
42 114 139
41 26 131
40 97 89
38 291 162
37 134 123
36 170 58
35 111 108
34 229 28
27 289 26
25 335 46
21 82 43
19 330 92
18 314 166
16 303 114
14 285 120
11 87 26
7 38 53
6 321 30
790 366 232 27
433 760 269 17
659 229 276 37
192 191 236 21
631 491 16 32
631 229 276 43
266 267 348 28
566 564 356 22
90 754 263 29
399 398 70 22
391 387 99 37
263 387 99 45
347 314 325 23
103 29 147 9
221 223 318 15
735 736 92 12
655 604 164 24
103 105 30 13
490 491 16 32
56 491 16 32
487 485 240 38
288 284 180 25
247 513 108 26
18 229 276 30
166 615 140 7
166 167 144 47
27 28 110 27
714 382 783 156 9
637 639 323 48
156 132 736 92 18
301 231 710 177 1
633 635 315 39
649 510 278 34
637 171 299 3
634 512 292 15
57 540 557 288 17
311 507 509 264 27
484 485 240 12
449 171 299 7
433 434 29 23
750 740 754 263 12
172 171 299 18
361 698 324 39
361 360 21 5
334 283 352 4
288 286 284 180 24
224 222 197 30
473 662 680 266 20
164 167 144 4
524 666 610 205 9
637 638 635 315 34
249 242 281 69 5
16 320 509 264 12
224 220 222 197 9
566 135 549 229 276 12
260 261 15 615 140 22
114 774 217 43
263 736 92 6
747 132 736 92 15
57 231 710 177 23
478 477 1 13
484 267 348 8
560 540 557 288 6
497 509 264 25
734 130 150 120 26
520 661 387 99 8
226 225 338 35
362 360 21 4
317 318 37 42
312 176 104 6
287 284 180 46
626 549 229 276 23
217 395 328 9
160 159 223 8
770 768 88 320 25
449 675 676 284 14
141 46 676 284 21
597 773 774 217 42
637 636 635 315 2
390 64 557 288 26
413 132 736 92 9
566 135 130 150 120 10
376 351 123 122 78 1
163 640 636 635 315 10
692 234 231 710 177 14
363 364 511 512 292 18
426 424 396 565 274 32
440 2 5 754 263 9
712 783 156 32
761 760 269 38
423 736 92 32
730 727 340 48
668 669 178 41
626 73 84 11
518 105 30 4
797 799 509 264 7
489 491 16 1
487 451 474 342 5
413 754 263 23
174 173 36 18
380 225 338 18
312 85 273 48
289 284 180 33
271 222 197 17
751 749 669 178 17
262 544 541 669 178 6
524 666 432 434 29 1
631 632 206 169 1
195 680 266 20
195 196 194 12 3
90 88 320 6
520 661 366 232 16
772 773 774 217 3
287 457 615 140 20
224 660 727 340 12
612 95 94 249 11
473 662 505 509 264 15
449 280 281 69 29
421 354 799 509 264 4
166 168 94 249 8
44 43 635 315 16
440 2 98 94 249 10
561 663 290 669 178 23
797 223 318 10
778 281 69 17
644 281 69 8
734 736 92 43
684 477 1 35
612 610 205 5
265 267 348 18
538 537 536 281 3
730 729 509 264 37
75 474 342 11
313 314 325 4
312 314 325 18
585 545 541 669 178 20
637 666 432 434 29 21
637 638 229 276 2
692 234 223 318 25
203 206 169 8
161 136 194 12 30
14 180 159 223 29
161 136 176 104 3
124 513 108 30
86 85 273 30
71 73 84 8
70 73 84 1
325 744 745 675 676 284 7
672 32 29 147 21
464 31 29 147 23
681 60 32 29 147 1
40 677 661 366 232 19
390 385 387 661 366 232 5
103 104 105 30 4
70 72 73 84 6
644 293 292 398 70 4
566 349 30 73 7
770 282 280 281 69 17
390 64 564 356 19
363 364 123 122 78 11
692 234 231 94 249 5
79 62 775 774 217 6
637 666 290 669 178 20
271 222 223 234 231 94 249 19
413 132 139 219 398 70 2
316 132 139 219 398 70 2
797 274 3 31
797 798 214 33
111 110 174 6
712 710 177 50
684 30 73 31
649 610 205 1
625 267 348 10
538 710 177 13
506 510 278 33
473 474 342 3
714 382 564 356 22
413 479 477 1 14
287 122 78 7
259 669 178 18
239 229 276 12
147 176 104 3
101 736 92 1
89 88 320 28
81 176 104 17
311 507 510 278 3
649 455 754 263 15
487 310 92 7 14
473 662 513 108 9
325 744 680 266 4
770 282 283 352 21
630 632 206 169 18
325 744 745 512 292 28
56 744 745 512 292 10
35 733 736 92 13
714 713 110 174 1
224 219 398 70 15
622 453 451 281 69 8
443 441 557 288 11
782 783 156 21
40 775 774 217 10
506 509 264 2
470 610 205 21
403 564 356 1
239 434 29 8
239 237 212 12
195 194 12 9
166 168 167 144 1
198 199 66 510 278 15
787 230 238 237 212 7
172 295 357 92 7 18
404 691 689 243 47
203 204 205 206 169 2
694 208 205 206 169 9
56 744 745 88 320 4
79 62 543 610 205 28
111 113 110 174 12
334 273 275 237 212 5
376 351 357 92 7 1
6 64 95 94 249 1
440 2 5 267 348 11
626 549 615 457 508 509 264 5
772 774 217 28
747 281 69 10
746 110 174 28
687 94 249 26
589 798 214 23
538 539 536 281 23
362 698 324 32
164 168 167 144 2
172 295 29 147 13
464 1 31 29 147 5
203 204 206 169 8
83 82 760 269 10
80 82 760 269 17
114 65 30 73 4
224 547 541 512 292 19
739 667 110 174 30
750 740 745 88 320 9
89 87 88 320 18
613 548 610 205 2
38 546 543 610 205 7
317 319 318 37 4
190 740 745 88 320 9
423 355 357 92 7 4
6 8 632 206 169 2
259 669 541 512 292 25
126 125 32 29 147 8
464 1 31 32 29 147 1
190 740 745 530 105 30 7
626 549 615 457 508 510 278 1
591 592 271 6
538 536 281 25
165 167 144 12
44 510 278 8
7 754 263 22
344 295 29 147 4
770 204 206 169 27
561 663 73 84 6
705 335 337 798 214 8
413 416 610 205 37
478 529 108 109 316 1
185 186 96 94 249 14
747 281 280 282 283 352 17
58 59 689 243 7
79 663 73 84 5
672 673 610 205 1
249 1 110 174 6
747 281 283 352 13
705 335 378 763 511 512 292 7
612 611 610 205 4
198 199 66 281 283 352 3
585 586 593 592 271 12
103 104 106 105 30 1
473 662 513 512 292 6
649 455 511 512 292 8
198 199 66 281 512 292 2
198 199 66 511 512 292 5
528 457 615 109 316 3
506 508 457 615 109 316 6
478 529 108 107 109 316 11
574 573 237 212 6
239 236 237 212 4
574 575 573 237 212 3
