140

158 19 31
158 159 28 40
155 63 100
155 21 109 149 1 6
155 21 71 59 59 1
155 21 71 142 43 4
155 129 30 28
155 100 149 1 6
155 157 33 5
147 7 85
147 148 12 30
147 145 144 60 7
147 144 60 24
139 51 119
137 40 74
135 5 101
135 140 104 107 20 14
135 140 144 60 12
135 140 148 12 2
131 34 55
128 22 145
128 38 134 57 6
128 1 11 15 9
128 1 101 99 25 19
128 93 134 57 31
128 127 0 13
126 24 168
126 5 7 73 75 61 4
126 5 0 63 6 5
126 125 76 75 61 2
126 124 69 6
123 32 79
123 122 124 69 2
121 2 42
121 120 31 23
121 92 61 37 3
121 92 109 149 1 1
114 41 103
108 67 80
106 64 118
106 148 12 14
106 107 20 38
106 105 59 59 20
103 46 134
103 105 59 59 21
97 39 94
97 129 30 16
97 2 100 149 1 3
97 2 100 99 25 1
97 2 48 21 15
97 2 142 43 23
89 44 192
89 94 61 37 32
89 150 11 15 8
89 87 45 35
85 16 103
85 84 10 49
83 58 97
81 36 101
81 84 10 30
79 68 42
79 61 37 24
79 80 157 33 16
79 78 62 14
72 17 76
72 40 65 55 17
72 40 51 71 4
72 77 65 21
72 76 75 61 14
72 75 61 4
72 73 75 61 17
72 73 74 77 65 14
69 14 73
66 70 94
66 9 109 149 1 12
66 47 48 21 10
66 41 63 6 3
66 92 109 149 1 2
66 92 105 59 59 5
66 92 94 61 37 3
66 92 94 129 30 1
66 92 94 142 43 1
66 92 127 0 11
66 68 67 49 12
66 67 49 35
60 48 98
60 63 6 28
57 53 113
57 8 54 2
57 16 73 74 77 65 8
57 16 73 74 75 61 1
57 16 90 87 45 3
57 16 90 98 23 15
57 33 58 52 17
57 5 0 63 6 11
57 48 21 33
57 59 59 21
57 41 63 6 23
57 41 65 55 10
56 56 163
56 87 45 30
54 11 73
49 35 130
49 133 132 134 57 2
49 50 13 30
46 50 83
46 45 66 35
46 40 51 71 12
37 27 95
37 42 33 58 52 1
37 42 77 65 12
37 42 77 75 61 11
37 42 43 3 100 99 25 4
37 42 78 62 16
36 3 122
36 35 50 13 13
36 35 50 51 71 2
36 32 38 48
31 9 49
31 150 11 15 30
30 26 85
30 154 157 33 6
25 8 200
22 4 115
22 149 1 39
20 18 170
20 9 109 149 1 2
20 9 8 54 21
20 144 60 2
20 90 98 23 1
20 90 99 25 4
20 18 29 11
17 42 194
17 12 14 11 15 1
17 12 11 15 13
17 101 99 25 5
17 44 148 12 2
17 44 148 144 60 4
17 18 29 45
4 47 73
